+---------------+----+----+-----+-------+-----+-------+---------+-----------+-----+-------+---------+-----------+---------+-----------+-------------+---------------+
|   GF(2^4) +   | 0  | 1  | x^1 | x^1+1 | x^2 | x^2+1 | x^2+x^1 | x^2+x^1+1 | x^3 | x^3+1 | x^3+x^1 | x^3+x^1+1 | x^3+x^2 | x^3+x^2+1 | x^3+x^2+x^1 | x^3+x^2+x^1+1 |
+---------------+----+----+-----+-------+-----+-------+---------+-----------+-----+-------+---------+-----------+---------+-----------+-------------+---------------+
|       0       | 00 | 01 |  02 |   03  |  04 |   05  |    06   |     07    |  08 |   09  |    10   |     11    |    12   |     13    |      14     |       15      |
|       1       | 01 | 00 |  03 |   02  |  05 |   04  |    07   |     06    |  09 |   08  |    11   |     10    |    13   |     12    |      15     |       14      |
|      x^1      | 02 | 03 |  00 |   01  |  06 |   07  |    04   |     05    |  10 |   11  |    08   |     09    |    14   |     15    |      12     |       13      |
|     x^1+1     | 03 | 02 |  01 |   00  |  07 |   06  |    05   |     04    |  11 |   10  |    09   |     08    |    15   |     14    |      13     |       12      |
|      x^2      | 04 | 05 |  06 |   07  |  00 |   01  |    02   |     03    |  12 |   13  |    14   |     15    |    08   |     09    |      10     |       11      |
|     x^2+1     | 05 | 04 |  07 |   06  |  01 |   00  |    03   |     02    |  13 |   12  |    15   |     14    |    09   |     08    |      11     |       10      |
|    x^2+x^1    | 06 | 07 |  04 |   05  |  02 |   03  |    00   |     01    |  14 |   15  |    12   |     13    |    10   |     11    |      08     |       09      |
|   x^2+x^1+1   | 07 | 06 |  05 |   04  |  03 |   02  |    01   |     00    |  15 |   14  |    13   |     12    |    11   |     10    |      09     |       08      |
|      x^3      | 08 | 09 |  10 |   11  |  12 |   13  |    14   |     15    |  00 |   01  |    02   |     03    |    04   |     05    |      06     |       07      |
|     x^3+1     | 09 | 08 |  11 |   10  |  13 |   12  |    15   |     14    |  01 |   00  |    03   |     02    |    05   |     04    |      07     |       06      |
|    x^3+x^1    | 10 | 11 |  08 |   09  |  14 |   15  |    12   |     13    |  02 |   03  |    00   |     01    |    06   |     07    |      04     |       05      |
|   x^3+x^1+1   | 11 | 10 |  09 |   08  |  15 |   14  |    13   |     12    |  03 |   02  |    01   |     00    |    07   |     06    |      05     |       04      |
|    x^3+x^2    | 12 | 13 |  14 |   15  |  08 |   09  |    10   |     11    |  04 |   05  |    06   |     07    |    00   |     01    |      02     |       03      |
|   x^3+x^2+1   | 13 | 12 |  15 |   14  |  09 |   08  |    11   |     10    |  05 |   04  |    07   |     06    |    01   |     00    |      03     |       02      |
|  x^3+x^2+x^1  | 14 | 15 |  12 |   13  |  10 |   11  |    08   |     09    |  06 |   07  |    04   |     05    |    02   |     03    |      00     |       01      |
| x^3+x^2+x^1+1 | 15 | 14 |  13 |   12  |  11 |   10  |    09   |     08    |  07 |   06  |    05   |     04    |    03   |     02    |      01     |       00      |
+---------------+----+----+-----+-------+-----+-------+---------+-----------+-----+-------+---------+-----------+---------+-----------+-------------+---------------+

+---------------+----+----+-----+-------+-----+-------+---------+-----------+-----+-------+---------+-----------+---------+-----------+-------------+---------------+
|   GF(2^4) *   | 0  | 1  | x^1 | x^1+1 | x^2 | x^2+1 | x^2+x^1 | x^2+x^1+1 | x^3 | x^3+1 | x^3+x^1 | x^3+x^1+1 | x^3+x^2 | x^3+x^2+1 | x^3+x^2+x^1 | x^3+x^2+x^1+1 |
+---------------+----+----+-----+-------+-----+-------+---------+-----------+-----+-------+---------+-----------+---------+-----------+-------------+---------------+
|       0       | 00 | 00 |  00 |   00  |  00 |   00  |    00   |     00    |  00 |   00  |    00   |     00    |    00   |     00    |      00     |       00      |
|       1       | 00 | 01 |  02 |   03  |  04 |   05  |    06   |     07    |  08 |   09  |    10   |     11    |    12   |     13    |      14     |       15      |
|      x^1      | 00 | 02 |  04 |   06  |  08 |   10  |    12   |     14    |  09 |   11  |    13   |     15    |    01   |     03    |      05     |       07      |
|     x^1+1     | 00 | 03 |  06 |   05  |  12 |   15  |    10   |     09    |  01 |   02  |    07   |     04    |    13   |     14    |      11     |       08      |
|      x^2      | 00 | 04 |  08 |   12  |  09 |   13  |    01   |     05    |  11 |   15  |    03   |     07    |    02   |     06    |      10     |       14      |
|     x^2+1     | 00 | 05 |  10 |   15  |  13 |   08  |    07   |     02    |  03 |   06  |    09   |     12    |    14   |     11    |      04     |       01      |
|    x^2+x^1    | 00 | 06 |  12 |   10  |  01 |   07  |    13   |     11    |  02 |   04  |    14   |     08    |    03   |     05    |      15     |       09      |
|   x^2+x^1+1   | 00 | 07 |  14 |   09  |  05 |   02  |    11   |     12    |  10 |   13  |    04   |     03    |    15   |     08    |      01     |       06      |
|      x^3      | 00 | 08 |  09 |   01  |  11 |   03  |    02   |     10    |  15 |   07  |    06   |     14    |    04   |     12    |      13     |       05      |
|     x^3+1     | 00 | 09 |  11 |   02  |  15 |   06  |    04   |     13    |  07 |   14  |    12   |     05    |    08   |     01    |      03     |       10      |
|    x^3+x^1    | 00 | 10 |  13 |   07  |  03 |   09  |    14   |     04    |  06 |   12  |    11   |     01    |    05   |     15    |      08     |       02      |
|   x^3+x^1+1   | 00 | 11 |  15 |   04  |  07 |   12  |    08   |     03    |  14 |   05  |    01   |     10    |    09   |     02    |      06     |       13      |
|    x^3+x^2    | 00 | 12 |  01 |   13  |  02 |   14  |    03   |     15    |  04 |   08  |    05   |     09    |    06   |     10    |      07     |       11      |
|   x^3+x^2+1   | 00 | 13 |  03 |   14  |  06 |   11  |    05   |     08    |  12 |   01  |    15   |     02    |    10   |     07    |      09     |       04      |
|  x^3+x^2+x^1  | 00 | 14 |  05 |   11  |  10 |   04  |    15   |     01    |  13 |   03  |    08   |     06    |    07   |     09    |      02     |       12      |
| x^3+x^2+x^1+1 | 00 | 15 |  07 |   08  |  14 |   01  |    09   |     06    |  05 |   10  |    02   |     13    |    11   |     04    |      12     |       03      |
+---------------+----+----+-----+-------+-----+-------+---------+-----------+-----+-------+---------+-----------+---------+-----------+-------------+---------------+